Inception Score: 191.2867431640625
FID: 5.379397811412446
sFID: 7.473234229614945
Precision: 0.83746
Recall: 0.4496
