Inception Score: 192.62509155273438
FID: 5.392436672437896
sFID: 7.33065812483494
Precision: 0.83848
Recall: 0.4512
