Inception Score: 187.165771484375
FID: 5.924899782888872
sFID: 8.395752916774768
Precision: 0.8412
Recall: 0.4326
