Inception Score: 189.94049072265625
FID: 5.542406117204223
sFID: 7.106401962406608
Precision: 0.84522
Recall: 0.4438
