Inception Score: 189.34194946289062
FID: 5.634743288145103
sFID: 7.800876114969128
Precision: 0.8381
Recall: 0.4503
