Inception Score: 172.81130981445312
FID: 7.39026798641089
sFID: 11.272839969730057
Precision: 0.82466
Recall: 0.4169
