Inception Score: 191.27340698242188
FID: 5.3799588004046655
sFID: 7.4779945984105325
Precision: 0.8372
Recall: 0.4487
