Inception Score: 184.5988311767578
FID: 5.745784159836376
sFID: 7.669283060375733
Precision: 0.83718
Recall: 0.4533
