Inception Score: 190.05465698242188
FID: 5.458026984037133
sFID: 7.322337711443311
Precision: 0.83984
Recall: 0.4432
