Inception Score: 167.8156280517578
FID: 8.104185993754186
sFID: 13.267206815213171
Precision: 0.81874
Recall: 0.4145
