Inception Score: 188.93484497070312
FID: 5.607910598861963
sFID: 7.120897654679993
Precision: 0.8404
Recall: 0.4519
