Inception Score: 194.70462036132812
FID: 5.369488186142519
sFID: 7.410150160932744
Precision: 0.83968
Recall: 0.4498
