Inception Score: 181.7195281982422
FID: 5.960635273289142
sFID: 7.501911288137421
Precision: 0.84082
Recall: 0.4443
