Inception Score: 47.17066192626953
FID: 27.67985321951437
sFID: 10.613070589466588
Precision: 0.5786
Recall: 0.6278
