Inception Score: 191.6749267578125
FID: 5.359535402212032
sFID: 7.353274983916549
Precision: 0.83628
Recall: 0.4515
