Inception Score: 48.057640075683594
FID: 25.933887511329715
sFID: 8.09799737243975
Precision: 0.594
Recall: 0.6325
