Inception Score: 189.9714813232422
FID: 5.508051066936332
sFID: 7.576620578603411
Precision: 0.83954
Recall: 0.4443
