Inception Score: 189.97177124023438
FID: 5.42949473361449
sFID: 7.3395161335475905
Precision: 0.83682
Recall: 0.4595
