Inception Score: 190.31463623046875
FID: 5.458039205198247
sFID: 7.1734885432993
Precision: 0.839
Recall: 0.4461
