Inception Score: 191.89527893066406
FID: 5.32941272006417
sFID: 7.5484876237586604
Precision: 0.83712
Recall: 0.4518
