Inception Score: 183.5705108642578
FID: 5.9066043332119875
sFID: 8.200850024639294
Precision: 0.84208
Recall: 0.4511
