Inception Score: 191.51087951660156
FID: 5.390861146792645
sFID: 7.314052330725758
Precision: 0.83714
Recall: 0.4541
