Inception Score: 190.94422912597656
FID: 5.430200302346975
sFID: 7.245282060019804
Precision: 0.83974
Recall: 0.4522
