Inception Score: 47.3971061706543
FID: 26.571822127643372
sFID: 9.148449286007235
Precision: 0.5883
Recall: 0.6264
